0.706
0.794
0.709
0.656
0.665
0.593
0.506
0.689
0.78
0.443
0.792
0.26
0.763
0.706
0.508
0.585
0.631
0.808
0.235
0.834
0.771
0.671
0.654
0.706
0.729
0.608
0.801
0.654
0.584
0.677
0.758
0.773
0.697
0.784
0.789
0.146
0.78
0.187
0.513
0.252
0.617
0.56
0.668
0.755
0.675
0.783
0.125
0.628
0.459
0.612
0.786
0.731
0.079
0.581
0.206
0.716
0.735
0.673
0.708
0.183
0.696
0.762
0.753
0.332
0.643
0.441
0.201
0.632
0.708
0.77
0.43
0.466
0.095
0.644
0.809
0.627
0.54
0.724
0.39
0.791
0.726
0.708
0.757
0.731
0.691
0.752
0.788
0.663
0.662
0.754
0.74
0.802
0.246
0.568
0.746
0.539
0.806
0.8
0.741
0.606
0.767
0.789
0.757
0.613
0.556
0.802
0.493
0.696
0.164
0.542
0.657
0.795
0.792
0.72
0.456
0.814
0.786
0.789
0.698
0.779
0.828
0.531
0.838
0.716
0.677
0.532
0.522
0.208
0.535
0.735
0.739
0.189
0.805
0.756
0.225
0.264
0.232
0.707
0.653
0.824
0.558
0.553
0.654
0.737
0.566
0.676
0.401
0.615
0.137
0.711
0.18
0.822
0.187
0.781
0.213
0.797
0.12
0.601
0.848
0.579
0.597
0.639
0.419
0.662
0.642
0.277
0.681
0.778
0.807
0.538
0.794
0.752
0.521
0.189
0.695
0.604
0.576
0.24
0.308
0.746
0.657
0.688
0.801
0.359
0.251
0.784
0.771
0.216
0.722
0.772
0.273
0.55
0.768
0.689
0.503
0.704
0.766
0.257
0.823
0.799
0.635
0.687
0.539
0.566
0.183
0.682
0.512
0.736
0.76
0.832
0.788
0.461
0.645
0.77
0.811
0.204
0.595
0.532
0.488
0.72
0.576
0.678
0.681
0.735
0.498
0.67
0.716
0.608
0.192
0.658
0.708
0.763
0.677
0.606
0.724
0.636
0.681
0.784
0.695
0.433
0.778
0.644
0.674
0.634
0.514
0.671
0.628
0.667
0.091
0.644
0.793
0.639
0.751
0.653
0.794
0.795
0.28
0.206
0.789
0.786
0.61
0.189
0.828
0.196
0.179
0.772
0.765
0.758
0.707
0.588
0.511
0.628
0.309
0.304
0.794
0.719
0.819
0.484
0.389
0.826
0.393
0.063
0.489
0.781
0.731
0.815
0.725
0.803
0.762
0.552
0.599
0.239
0.653
0.721
0.548
0.571
0.725
0.602
0.779
0.599
0.559
0.79
0.746
0.331
0.184
0.555
0.126
0.656
0.37
0.701
0.731
0.611
0.695
0.756
0.736
0.791
0.827
0.688
0.077
0.641
0.82
0.672
0.712
0.217
0.809
0.768
0.702
0.197
0.736
0.287
0.603
0.166
0.788
0.69
0.603
0.745
0.513
0.619
0.759
0.629
0.771
0.614
0.682
0.784
0.811
0.278
0.854
0.334
0.566
0.776
0.478
0.647
0.725
0.704
0.525
0.63
0.558
0.735
0.366
0.663
0.711
0.619
0.685
0.747
0.21
0.479
0.227
0.528
0.768
0.476
0.156
0.711
0.793
0.706
0.736
0.55
0.551
0.681
0.134
0.469
0.258
0.472
0.128
0.826
0.704
0.569
0.467
0.345
0.093
0.786
0.797
0.774
0.647
0.774
0.757
0.575
0.215
0.809
0.557
0.714
0.685
0.624
0.706
0.522
0.144
0.201
0.755
0.607
0.679
0.658
0.805
0.604
0.746
0.456
0.435
0.467
0.788
0.18
0.71
0.612
0.554
0.754
0.229
0.749
0.713
0.665
0.778
0.544
0.131
0.676
0.476
0.264
0.804
0.745
0.661
0.74
0.432
0.573
0.543
0.719
0.719
0.179
0.816
0.698
0.466
0.783
0.687
0.765
0.738
0.654
0.723
0.769
0.674
0.452
0.145
0.682
0.796
0.643
0.733
0.756
0.863
0.253
0.722
0.678
0.341
0.751
0.79
0.684
0.117
0.549
0.541
0.059
0.4
0.394
0.754
0.115
0.667
0.476
0.186
0.854
0.603
0.176
0.743
0.664
0.801
0.495
0.538
0.531
0.77
0.598
0.61
0.696
0.728
0.559
0.654
0.49
0.806
0.745
0.725
0.604
0.174
0.59
0.196
0.131
0.745
0.65
0.641
0.694
0.185
0.742
0.561
0.57
0.658
0.574
0.645
0.29
0.827
0.599
0.815
0.725
0.502
0.573
0.308
0.707
0.827
0.656
0.755
0.838
0.625
0.554
0.446
0.109
0.557
0.699
0.206
0.64
0.795
0.633
0.473
0.267
0.456
0.636
0.81
0.643
0.779
0.162
0.451
0.7
0.754
0.796
0.721
0.353
0.319
0.158
0.697
0.696
0.262
0.755
0.75
0.591
0.533
0.77
0.798
0.815
0.187
0.76
0.679
0.603
0.679
0.787
0.645
0.725
0.686
0.45
0.18
0.736
0.499
0.584
0.653
0.817
0.476
0.377
0.607
0.628
0.431
0.657
0.666
0.166
0.116
0.732
0.731
0.737
0.799
0.216
0.73
0.738
0.605
0.277
0.747
0.11
0.795
0.728
0.189
0.609
0.613
0.759
0.714
0.78
0.819
0.713
0.776
0.698
0.576
0.734
0.654
0.521
0.789
0.727
0.77
0.6
0.47
0.158
0.77
0.515
0.699
0.626
0.754
0.644
0.574
0.819
0.191
0.518
0.678
0.543
0.727
0.109
0.69
0.497
0.716
0.674
0.239
0.411
0.71
0.812
0.235
0.684
0.717
0.153
0.839
0.728
0.675
0.611
0.833
0.678
0.522
0.822
0.721
0.571
0.449
0.804
0.253
0.644
0.8
0.775
0.101
0.288
0.8
0.641
0.687
0.676
0.755
0.738
0.733
0.438
0.734
0.628
0.526
0.528
0.717
0.807
0.814
0.83
0.661
0.317
0.754
0.778
0.743
0.611
0.821
0.73
0.803
0.75
0.823
0.832
0.389
0.602
0.57
0.286
0.764
0.572
0.712
0.709
0.793
0.713
0.678
0.83
0.753
0.218
0.629
0.669
0.81
0.641
0.734
0.167
0.786
0.71
0.711
0.81
0.818
0.791
0.219
0.677
0.694
0.235
0.812
0.686
0.065
0.089
0.719
0.536
0.632
0.694
0.447
0.736
0.769
0.726
0.784
0.503
0.187
0.542
0.752
0.132
0.564
0.129
0.812
0.564
0.258
0.532
0.765
0.701
0.735
0.748
0.523
0.795
0.523
0.613
0.705
0.529
0.649
0.099
0.733
0.68
0.69
0.448
0.712
0.748
0.727
0.572
0.18
0.774
0.815
0.228
0.596
0.666
0.795
0.251
0.369
0.508
0.317
0.518
0.537
0.551
0.611
0.625
0.593
0.815
0.721
0.748
0.203
0.532
0.78
0.705
0.765
0.603
0.648
0.491
0.591
0.648
0.679
0.646
0.472
0.634
0.637
0.821
0.308
0.321
0.817
0.617
0.587
0.658
0.727
0.755
0.686
0.109
0.144
0.765
0.681
0.289
0.261
0.695
0.757
0.808
0.743
0.73
0.602
0.797
0.618
0.472
0.794
0.809
0.851
0.666
0.706
0.807
0.19
0.693
0.101
0.794
0.738
0.777
0.32
0.777
0.752
0.742
0.393
0.819
0.721
0.76
0.662
0.653
0.602
0.433
0.779
0.698
0.534
0.631
0.764
0.793
0.179
0.688
0.862
0.821
0.679
0.81
0.556
0.785
0.773
0.433
0.102
0.802
0.564
0.57
0.753
0.724
0.778
0.262
0.519
0.711
0.189
0.612
0.697
0.643
0.789
0.733
0.688
0.765
0.795
0.758
0.191
0.501
0.626
0.632
0.395
0.833
0.68
0.739
0.506
0.463
0.222
0.695
0.507
0.78
0.085
0.607
0.208
0.717
0.17
0.68
0.812
0.802
0.684
0.673
0.822
0.801
0.8
0.595
0.788
0.457
0.473
0.231
0.122
0.678
0.104
0.637
0.665
0.284
0.817
0.511
0.801
0.713
0.758
0.253
0.807
0.648
0.762
0.599
0.641
0.751
0.235
0.673
0.812
0.632
0.527
0.844
0.789
0.752
0.172
0.846
0.685
0.788
0.716
0.283
0.823
0.257
0.534
0.798
0.131
0.775
0.729
0.636
0.109
0.526
0.59
0.84
0.726
0.668
0.605
0.487
0.734
0.57
0.688
0.64
0.589
0.204
0.607
0.733
0.695
0.761
0.704
0.798
0.815
0.221
0.609
0.726
0.773
0.813
0.788
0.696
0.673
0.678
0.484
0.652
0.187
0.717
0.564
0.73
0.778
0.595
0.753
0.767
Average TQE: 0.6007849999999992