0.148
0.324
0.592
0.94
1.648
2.708
3.516
5.344
7.144
8.432
10.292
11.804
12.68
13.612
15.164
16.152
18.496
19.924
18.996
22.348
21.656
23.012
23.776
24.332
24.596
26.668
26.4
27.084
27.972
28.356
31.484
30.324
29.644
31.884
33.452
33.096
32.788
35.508
35.328
35.308
36.068
33.468
37.068
37.752
36.204
35.612
40.56
38.692
37.116
39.836
37.328
40.112
41.768
40.292
39.452
39.448
41.852
41.576
42.708
43.392
43.816
41.584
42.16
44.2
44.176
46.04
47.084
46.396
46.548
47.296
45.216
48.332
49.904
46.796
47.372
45.984
44.596
45.96
47.888
48.372
47.564
48.592
48.64
49.372
48.852
49.944
49.508
49.532
50.088
46.916
51.056
49.54
46.768
52.736
50.264
50.668
49.564
52.468
52.188
52.74
52.336
52.268
51.72
53.956
51.152
53.664
53.904
51.168
55.308
55.164
53.412
51.404
53.948
53.356
55.58
53.34
57.004
53.74
54.184
54.544
53.488
56.58
57.32
56.46
53.16
55.764
55.48
54.168
56.872
55.208
56.792
57.612
58.496
54.992
52.552
54.304
57.716
54.832
55.204
58.68
55.304
57.128
58.64
55.52
60.492
58.716
57.3
54.556
58.052
55.96
57.884
57.132
57.868
58.9
59.192
57.8
59.18
60.412
55.864
59.412
59.524
60.476
61.716
58.396
59.272
60.128
59.412
59.136
61.152
58.08
56.816
58.016
57.852
62.544
58.556
61.848
58.724
58.24
59.668
61.884
60.296
62.428
61.708
61.2
61.568
61.12
63.308
61.256
60.428
62.896
62.272
60.336
60.196
60.992
59.964
63.16
62.212
62.156
60.864
61.184
63.748
61.74
59.016
61.724
61.792
60.632
61.672
64.096
63.244
61.684
59.132
61.792
60.632
62.824
64.044
63.748
62.48
61.768
64.46
64.016
62.888
64.484
63.668
60.6
63.376
63.416
63.64
62.616
63.104
62.472
62.876
63.552
63.072
61.276
62.92
65.088
63.548
63.4
63.26
66.776
63.34
63.948
65.86
63.216
63.36
66.968
63.444
62.868
62.592
65.808
64.7
63.468
62.748
63.792
67.612
65.416
65.944
63.98
64.568
63.804
63.876
65.272
62.388
65.36
66.064
64.584
63.5
65.976
63.172
63.8
63.148
65.848
66.896
63.48
61.448
66.712
64.62
63.48
64.32
64.868
63.396
66.04
65.004
64.072
63.272
64.716
63.036
64.86
66.2
64.932
65.14
61.924
65.964
65.076
66.4
62.84
66.92
67.184
67.936
67.324
65.632
65.592
65.824
67.6
64.956
69.192
62.616
64.66
67.284
64.748
67.428
67.044
65.372
65.2
65.396
67.404
67.056
66.264
66.656
63.68
66.816
66.008
66.252
66.092
65.876
64.84
67.748
63.768
64.304
66.712
63.668
66.988
68.32
67.532
66.36
65.292
63.572
69.112
64.692
66.212
69.452
64.204
66.684
69.292
67.172
65.568
65.864
65.256
65.94
63.164
67.5
67.712
67.196
65.664
69.484
66.144
64.888
69.032
67.3
67.984
65.444
67.792
68.204
65.46
68.352
66.468
65.72
68.212
63.796
66.04
69.148
68.916
65.604
67.724
68.012
68.236
66.576
66.092
66.668
67.212
67.42
67.048
65.464
67.304
65.544
66.012
66.708
65.672
67.924
66.496
66.456
67.688
67.144
65.736
65.704
66.724
63.44
68.46
67.924
65.928
66.264
64.716
69.032
68.128
68.62
67.3
67.684
65.212
67.992
69.164
63.956
70.916
68.832
66.552
68.316
66.692
67.332
66.976
68.092
65.04
67.976
67.184
65.836
68.008
65.304
65.116
66.704
68.516
67.724
67.344
67.284
67.04
65.716
68.512
67.832
66.444
67.972
70.028
62.288
69.208
68.384
66.852
68.732
66.408
68.756
67.024
65.744
66.292
68.256
67.236
67.652
65.96
69.132
68.008
66.32
65.66
66.056
66.9
69.964
65.628
66.536
66.336
69.404
68.94
66.156
65.904
66.268
66.392
66.484
66.052
68.732
67.628
65.68
67.252
66.592
67.992
67.772
67.768
68.316
66.944
65.548
68.132
67.524
67.924
68.336
65.748
65.988
70.12
66.356
66.844
69.184
67.06
67.28
67.692
66.268
66.9
66.44
67.696
67.712
67.312
68.808
68.328
68.66
67.496
67.932
68.468
67.324
66.488
67.308
67.388
67.352
67.256
69.252
67.392
67.092
69.38
67.924
67.192
66.124
68.256
69.636
65.388
67.296
64.632
70.56
66.46
65.772
66.072
70.028
65.98
66.32
68.312
66.844
65.908
68.728
68.02
69.144
66.088
65.616
68.888
69.012
62.68
67.616
67.32
65.692
68.044
67.232
65.084
67.008
66.372
65.612
67.064
69.324
67.008
65.572
67.7
67.032
67.568
67.364
65.656
67.568
66.944
65.98
67.596
69.456
66.748
66.508
67.616
66.632
67.352
66.092
68.132
65.516
67.524
66.228
65.78
65.032
68.624
66.42
66.632
65.112
64.48
69.224
65.716
63.932
68.336
69.156
65.896
66.136
66.78
64.652
67.148
68.676
67.812
65.7
66.008
65.828
68.668
65.332
64.912
65.716
67.64
63.984
65.376
67.588
66.588
66.064
67.708
67.092
67.412
68.104
68.68
64.868
67.56
68.288
68.38
63.128
66.704
70.032
66.964
65.78
67.216
68.216
65.284
65.644
67.228
65.22
67.472
66.2
65.608
68.616
65.676
66.04
68.304
66.576
67.156
65.764
67.428
64.364
65.828
65.688
67.456
70.44
64.556
65.784
68.34
64.216
66.44
67.476
65.94
65.244
66.732
66.132
65.472
65.572
67.284
68.86
65.596
63.892
69.16
67.656
65.46
62.556
68.676
68.04
62.996
66.244
68.88
67.12
63.62
66.92
68.528
67.556
61.352
65.948
67.992
66.992
65.132
66.024
66.304
67.012
66.488
64.264
66.604
66.56
68.908
66.248
65.936
65.372
66.852
64.74
66.652
64.852
67.792
68.748
62.18
66.088
69.472
65.66
62.228
68.432
66.22
66.188
65.764
66.532
65.284
65.448
68.3
67.312
66.24
62.28
67.112
67.732
66.292
65.672
65.588
65.336
67.756
64.792
66.484
65.78
67.116
65.084
63.096
68.564
66.936
64.544
65.188
66.704
65.168
64.832
66.236
67.6
60.844
64.784
67.084
65.792
63.896
65.544
67.404
68.672
61.712
64.808
66.704
67.112
63.632
65.048
67.284
67.176
63.756
66.188
67.16
63.748
65.544
66.176
65.756
66.064
66.652
68.172
63.968
62.612
66.576
69.308
66.256
63.228
67.584
67.544
63.032
65.448
68.54
62.232
66.58
62.576
65.564
65.572
67.928
63.42
62.464
66.316
67.232
62.3
64.204
67.136
68.248
64.152
63.676
66.228
66.048
66.688
63.904
66.884
66.636
62.816
65.136
64.416
68.452
64.312
65.568
65.768
63.476
65.444
63.868
66.22
63.548
65.484
67.12
66.576
65.324
63.168
67.372
65.32
63.684
60.832
67.316
68.188
63.348
63.576
64.72
66.624
63.36
64.732
65.228
66.992
62.528
61.744
66.876
67.0
65.028
62.656
66.048
65.9
65.22
65.648
62.236
66.08
68.344
63.98
63.852
65.86
65.748
62.532
64.72
66.288
66.284
61.98
67.48
66.784
66.552
62.396
64.284
67.464
64.196
65.348
64.732
65.248
62.604
67.648
65.4
63.404
65.02
66.94
67.768
64.944
66.16
63.816
64.256
64.276
63.968
67.404
64.748
63.356
64.684
66.992
66.136
61.948
62.268
67.396
64.184
60.752
64.788
67.04
65.592
62.82
63.636
67.168
63.732
64.084
63.22
66.712
64.996
64.472
62.92
67.424
63.604
62.368
64.036
65.7
62.544
66.132
66.488
63.084
66.144
66.724
65.252
65.128
63.208
66.376
64.96
67.136
64.74
65.124
63.532
64.504
65.632
63.724
64.316
63.988
68.608
60.72
62.264
64.724
67.636
64.512
62.42
65.652
66.44
67.488
60.108
65.628
65.504
65.888
62.52
64.564
66.736
63.128
65.736
66.18
65.16
60.028
66.328
66.9
65.272
62.088
64.868
65.348
65.408
63.268
63.564
62.56
64.528
66.336
67.516
59.236
65.296
67.104
65.72
60.568
63.96
68.668
64.58
61.02
63.48
68.4
67.512
58.836
62.18
65.728
67.036
63.768
62.484
65.644
65.828
60.312
61.576
65.728
65.972
59.868
63.288
67.376
66.244
57.892
62.932
67.124
64.296
63.768
63.984
65.844
64.424
65.708
63.92
63.672
64.76
64.404
65.94
63.664
64.808
63.884
65.548
61.552
62.16
